               1   1               1   1
1 111111111111   1 11 111111111111   1 1
               1   1               1   1
1 111111111111   1 11 111111111111   1 1
               1                   1   1
1 111111111111   1 11 111111111111   1 1
               1   1               1   1
1 111111111111   1 11 111111111111   1 1
               1   1               1   1
1 111111111111   1 11 111111111111   1 1
               1   1               1   1
1 111111111111   1 11 111111111111   1 1
               1   1               1   1
1 111111111111   1 11 111111111111   1 1
               1                   1   1
1 111111111111   1 11 111111111111   1 1
               1   1               1   1
1 111111111111   1 11 111111111111   1 1
               1   1               1   1
1 111111111111   1 11 111111111111   1 1